 y1:  -112.005005    
 y2:  -112.005005    
 z1:  -9.79582369E-02
 z2:  -9.75838751E-02
